C17,E26,D20,B15,D25,F35,N99
70,38,17,45,25,5,0
70,38,17,45,25,5,0
70,38,17,45,25,5,0
70,38,17,45,25,5,0
70,38,17,45,25,5,0
81,38,19,53,25,2,0
68,33,19,35,25,2,0
65,33,8,24,25,2,0
64,33,4,24,25,2,0
31,12,4,24,11,2,0
48,11,8,28,11,4,0
31,0,8,28,11,4,0
29,0,8,28,11,4,0
12,0,8,28,11,4,0
12,0,8,28,11,4,0
29,6,14,36,11,6,0
27,6,14,36,11,6,0
26,6,14,36,11,6,0
26,6,14,36,11,4,0
26,6,14,30,11,4,0
44,14,17,31,15,6,0
44,14,17,27,15,6,0
44,14,17,23,15,6,0
42,14,17,20,15,6,0
42,14,11,20,15,6,0
54,18,14,24,30,9,0
52,14,14,24,30,9,0
50,11,14,24,30,9,0
48,7,14,24,30,9,0
47,4,14,24,30,9,0
56,5,15,27,31,11,0
55,2,15,27,31,11,0
53,0,15,27,31,11,0
52,0,15,27,31,11,0
49,0,15,27,31,11,0
60,2,20,34,44,14,0
51,2,20,34,44,14,0
42,2,20,34,44,14,0
33,2,20,34,44,14,0
24,2,20,34,44,14,0
26,7,22,41,46,19,0
17,7,22,41,46,19,0
12,7,22,41,46,19,0
12,7,22,41,46,19,0
12,7,22,41,46,19,0
17,10,27,46,47,22,0
12,10,27,46,47,22,0
12,10,27,46,47,22,0
12,10,27,46,47,22,0
12,10,27,46,47,22,0
17,13,31,49,61,24,0
12,13,31,49,61,24,0
12,13,31,49,61,24,0
12,13,31,49,61,24,0
12,13,31,49,61,24,0
18,16,36,55,61,25,0
12,16,36,55,61,25,0
12,16,36,53,61,23,0
12,16,36,53,61,23,0
12,16,36,53,61,23,0
17,19,39,63,63,24,0
12,19,39,63,63,24,0
12,19,39,63,63,24,0
12,19,39,63,63,24,0
12,19,39,63,63,24,0
21,21,41,66,63,28,0
17,21,41,65,63,28,0
13,21,41,64,63,28,0
12,21,41,62,63,28,0
12,21,41,62,63,28,0
29,29,45,66,77,32,0
25,29,44,66,77,32,0
22,29,44,66,76,32,0
18,29,44,66,75,32,0
14,28,44,66,75,32,0
23,32,49,72,85,36,0
20,30,49,72,85,36,0
16,28,49,72,85,36,0
12,27,49,72,85,36,0
12,26,49,72,85,36,0
23,28,54,78,87,39,0
20,27,54,78,87,39,0
16,25,54,78,87,39,0
12,24,54,78,87,39,0
12,23,54,78,87,39,0
20,30,56,81,93,41,0
16,28,56,81,93,41,0
12,27,56,81,93,41,0
12,26,56,81,93,41,0
12,25,56,81,93,41,0
22,29,60,88,95,43,0
18,27,60,88,95,43,0
14,26,60,88,95,43,0
12,24,60,88,95,43,0
12,23,60,88,95,43,0
22,29,65,93,106,47,0
18,27,65,93,106,47,0
14,26,65,93,106,47,0
12,25,65,93,106,47,0
12,24,65,93,106,47,0
14,27,67,94,106,50,0
12,25,67,94,106,50,0
12,25,67,94,106,50,0
12,25,67,94,106,50,0
12,25,67,94,106,50,0
12,26,68,97,108,51,0
12,26,68,97,108,51,0
12,26,68,97,108,51,0
12,26,68,97,108,51,0
12,25,68,97,108,51,0
23,25,71,107,110,52,0
19,24,71,107,110,52,0
15,22,71,107,110,52,0
12,21,71,107,110,52,0
12,19,71,107,110,52,0
24,22,73,110,121,54,0
20,20,73,110,121,54,0
16,19,73,110,121,54,0
12,18,73,110,121,54,0
12,16,73,110,121,54,0
24,22,76,117,125,55,0
21,20,76,117,125,55,0
17,19,76,117,125,55,0
13,17,76,117,125,55,0
12,17,76,117,125,55,0
25,19,79,122,126,60,0
22,17,79,122,126,60,0
18,16,79,122,126,60,0
12,16,79,122,126,60,0
12,16,79,122,126,60,0
14,22,82,126,132,61,0
12,22,82,126,132,61,0
12,22,82,126,132,61,0
12,22,82,126,132,61,0
12,22,82,126,132,61,0
19,28,88,132,140,62,0
16,28,88,132,140,61,0
12,28,88,132,140,61,0
12,28,88,132,140,61,0
12,28,88,132,140,61,0
22,32,91,139,142,62,0
18,32,91,138,142,62,0
15,32,91,137,142,62,0
12,32,91,135,142,62,0
12,32,91,134,142,62,0
21,40,96,137,153,66,0
16,40,96,136,153,66,0
12,40,96,135,153,66,0
12,40,96,134,153,66,0
12,40,96,132,153,66,0
21,44,98,133,154,69,0
18,44,98,132,154,69,0
13,44,98,131,154,69,0
12,44,98,129,154,69,0
12,44,97,129,154,69,0
24,50,99,131,159,71,0
20,50,99,131,159,71,0
16,50,99,131,158,71,0
12,50,99,131,156,71,0
12,50,99,131,154,71,0
29,57,107,140,158,77,0
26,57,107,140,157,77,0
22,57,107,140,155,77,0
18,57,107,140,154,77,0
15,57,107,140,152,77,0
24,60,112,145,159,80,0
20,60,112,145,158,80,0
17,60,112,145,157,80,0
13,60,112,145,156,80,0
12,60,112,145,156,80,0
23,67,119,152,163,82,0
18,67,119,152,162,82,0
14,67,119,152,160,82,0
12,67,119,152,159,82,0
12,67,119,152,158,82,0
18,70,123,158,161,83,0
14,70,123,158,160,83,0
12,70,123,158,158,83,0
12,70,123,158,157,83,0
12,70,123,158,156,83,0
20,75,125,161,161,83,0
16,75,125,161,160,83,0
12,75,125,161,160,83,0
12,74,125,161,159,83,0
12,72,125,161,159,83,0
17,74,129,166,161,83,0
12,74,129,166,161,83,0
12,74,129,166,161,83,0
12,74,129,166,161,83,0
12,74,129,166,161,83,0
15,81,130,169,170,85,0
12,81,130,169,170,85,0
12,81,130,169,170,85,0
12,81,130,169,170,85,0
12,81,130,169,170,85,0
22,85,132,174,181,85,0
18,85,132,174,181,85,0
15,85,132,174,181,85,0
12,85,132,174,181,85,0
12,85,132,174,181,84,0
22,88,136,176,195,86,0
18,88,136,174,195,86,0
15,88,135,174,195,86,0
12,88,135,174,194,86,0
12,87,135,174,194,86,0
19,89,140,179,201,86,0
15,88,140,179,201,86,0
12,86,140,179,201,86,0
12,84,140,179,201,86,0
12,84,140,179,201,86,0
19,90,142,181,211,87,0
12,90,142,181,211,87,0
12,90,142,181,211,87,0
12,90,142,181,211,87,0
12,90,142,181,211,87,0
20,93,146,186,223,89,0
17,93,146,186,223,88,0
12,93,146,186,223,88,0
12,93,146,186,223,88,0
12,93,146,186,223,88,0
24,96,150,195,223,91,0
20,96,150,195,223,91,0
16,96,150,195,223,90,0
12,96,150,194,223,90,0
12,96,150,192,223,90,0
17,98,151,194,232,91,0
13,98,151,193,232,91,0
12,98,151,191,232,91,0
12,98,151,191,232,91,0
12,98,151,189,232,91,0
28,105,153,195,245,94,0
25,105,152,195,245,94,0
21,105,151,195,245,94,0
17,105,150,195,245,94,0
13,105,150,195,244,94,0
33,112,153,199,244,98,0
29,112,153,199,243,98,0
26,112,153,199,241,98,0
22,112,153,199,240,98,0
18,112,153,199,239,98,0
31,115,153,204,242,100,0
27,115,153,204,241,100,0
23,115,153,204,240,100,0
20,115,153,204,240,100,0
16,115,153,204,238,100,0
23,118,154,208,248,101,0
20,117,154,208,247,101,0
16,115,154,208,247,101,0
12,115,154,208,247,101,0
12,115,154,208,247,101,0
12,119,155,211,255,101,0
12,119,155,211,255,101,0
12,119,155,211,255,101,0
12,119,155,211,255,101,0
12,119,155,211,255,101,0
24,123,160,215,270,103,0
20,123,160,215,270,103,0
16,123,160,215,270,103,0
12,123,160,215,270,103,0
12,123,160,215,270,103,0
22,128,165,223,277,104,0
17,128,165,223,277,104,0
14,128,165,222,277,104,0
12,128,165,221,277,104,0
12,128,165,219,277,104,0
16,130,167,222,278,106,0
12,130,167,221,278,106,0
12,130,167,219,278,106,0
12,130,167,218,278,106,0
12,130,167,217,278,106,0
23,135,170,225,281,109,0
19,135,169,225,281,109,0
15,135,167,225,281,109,0
12,135,166,225,281,109,0
12,135,165,225,281,109,0
18,137,164,227,285,109,0
14,137,163,227,285,109,0
12,137,162,227,285,109,0
12,137,161,227,284,109,0
12,137,161,227,283,109,0
20,147,161,231,285,112,0
17,147,161,231,284,112,0
13,147,161,231,282,112,0
12,147,161,231,281,112,0
12,147,161,231,279,112,0
23,152,163,234,289,114,0
19,152,163,234,287,114,0
16,151,163,234,287,114,0
12,150,163,234,287,114,0
12,150,163,234,287,114,0
20,159,168,238,289,118,0
12,159,168,238,289,118,0
12,159,168,238,289,118,0
12,159,168,238,289,118,0
12,159,168,238,289,118,0
20,169,168,240,292,121,0
16,169,168,239,292,121,0
12,169,168,238,292,121,0
12,169,168,236,292,121,0
12,169,168,235,292,121,0
22,178,171,237,299,123,0
18,178,170,237,299,123,0
14,178,169,237,299,123,0
12,178,169,237,298,123,0
12,176,169,237,298,123,0
23,183,171,244,300,127,0
14,183,171,244,300,127,0
12,183,171,244,300,127,0
12,183,171,244,300,127,0
12,183,171,244,300,127,0
17,186,175,249,310,130,0
14,186,175,249,310,129,0
12,186,175,249,310,129,0
12,186,175,249,310,128,0
12,186,175,249,310,128,0
15,191,177,255,310,129,0
12,191,177,253,310,129,0
12,191,177,252,310,129,0
12,191,177,251,310,129,0
12,191,177,250,310,129,0
21,195,181,254,311,130,0
17,195,181,253,311,130,0
14,195,181,252,311,130,0
12,195,181,251,311,130,0
12,195,181,250,311,130,0
24,202,185,255,318,132,0
20,202,185,253,318,132,0
16,202,185,252,318,132,0
13,202,185,251,318,132,0
12,202,184,251,318,132,0
24,203,183,258,320,136,0
20,203,182,258,320,136,0
17,203,182,258,320,136,0
13,203,180,258,320,136,0
12,203,180,258,319,136,0
25,213,183,264,329,140,0
21,213,183,264,327,140,0
17,213,183,264,326,140,0
14,213,183,264,325,140,0
12,213,183,264,323,140,0
19,218,188,269,329,141,0
16,218,188,269,328,141,0
12,218,188,269,327,141,0
12,218,188,269,327,141,0
12,218,188,269,326,141,0
16,225,191,270,325,144,0
12,225,191,270,324,144,0
12,225,191,270,322,144,0
12,225,191,270,322,144,0
12,225,191,270,320,144,0
19,234,192,273,322,146,0
16,234,192,273,321,146,0
12,233,192,273,320,146,0
12,233,192,273,320,146,0
12,233,192,273,320,146,0
21,240,196,278,324,151,0
12,240,196,278,324,151,0
12,240,196,278,324,151,0
12,240,196,278,324,151,0
12,240,196,278,324,151,0
22,249,198,283,327,153,0
12,249,198,283,327,153,0
12,249,198,283,327,153,0
12,249,198,283,327,153,0
12,249,198,283,327,153,0
16,255,198,284,328,153,0
12,255,198,283,328,153,0
12,255,198,276,328,153,0
12,255,195,275,328,153,0
12,255,190,275,328,153,0
24,263,187,286,331,156,0
24,263,181,286,331,156,0
24,263,177,286,330,156,0
24,263,177,286,323,156,0
24,263,177,286,318,156,0
39,266,181,295,311,159,0
39,259,181,295,310,159,0
39,251,181,295,310,159,0
36,246,181,295,310,159,0
27,246,181,295,310,159,0
39,253,188,303,312,163,0
39,253,188,297,312,163,0
39,253,188,291,312,163,0
39,253,185,288,312,163,0
39,253,180,288,312,163,0
50,254,178,296,312,163,0
50,254,178,296,306,163,0
50,254,178,296,300,163,0
50,250,178,296,298,163,0
50,241,178,296,298,163,0
63,247,181,302,310,166,0
54,247,181,302,310,166,0
47,247,181,302,310,166,0
47,247,181,301,310,163,0
47,247,180,297,310,163,0
60,256,180,299,320,165,0
60,247,180,299,320,165,0
60,239,180,299,320,165,0
60,231,180,299,320,165,0
59,225,180,299,320,165,0
65,230,182,301,327,167,0
56,230,182,301,327,167,0
56,230,182,301,327,164,0
56,230,182,294,327,164,0
56,230,180,290,327,164,0
67,237,178,300,329,167,0
67,237,173,300,329,167,0
67,237,167,300,329,167,0
67,237,161,300,329,167,0
67,237,157,300,328,167,0
83,243,158,304,325,171,0
83,243,158,304,318,171,0
83,242,158,304,313,171,0
83,234,158,304,313,171,0
78,231,158,304,313,171,0
78,233,160,308,313,173,0
73,233,160,308,313,172,0
73,233,160,306,313,170,0
73,233,160,300,313,170,0
73,233,160,296,313,170,0
85,239,154,304,316,175,0
85,239,149,304,316,175,0
85,239,142,304,316,175,0
85,239,136,304,316,175,0
85,239,131,304,316,175,0
98,245,131,309,315,176,0
98,245,131,309,309,176,0
98,245,131,309,303,176,0
98,245,131,309,297,176,0
98,238,131,309,297,176,0
110,231,133,316,299,178,0
110,223,133,316,299,178,0
110,215,133,316,299,178,0
110,208,133,316,299,178,0
110,200,133,316,299,178,0
116,193,134,319,301,179,0
116,185,134,319,301,179,0
116,176,134,319,301,179,0
116,168,134,319,301,179,0
116,159,134,319,301,179,0
122,158,135,325,302,183,0
114,158,135,325,302,183,0
104,158,135,325,302,183,0
95,158,135,325,302,183,0
88,158,135,325,302,183,0
104,166,142,331,312,183,0
104,166,142,325,312,183,0
104,166,142,320,312,183,0
104,166,136,320,312,183,0
104,166,132,320,310,183,0
119,160,132,323,310,186,0
119,152,132,323,310,186,0
119,145,132,323,310,186,0
119,145,132,317,310,186,0
119,145,129,314,310,186,0
134,156,124,319,314,190,0
132,153,124,319,312,190,0
122,153,124,319,312,190,0
114,153,124,319,312,190,0
105,153,124,319,312,190,0
112,161,128,322,313,193,0
102,161,128,322,313,193,0
93,161,128,322,313,193,0
85,161,128,322,313,193,0
76,161,128,322,313,193,0
78,165,133,329,324,197,0
69,165,133,329,324,197,0
60,165,133,329,324,197,0
52,165,133,329,324,197,0
42,165,133,329,324,197,0
59,171,135,332,325,199,0
59,171,135,328,325,198,0
59,171,135,323,325,198,0
59,171,133,320,325,198,0
59,171,128,320,325,198,0
69,173,126,321,337,199,0
69,173,119,321,337,199,0
69,173,114,321,337,199,0
69,169,114,321,335,199,0
65,164,114,321,335,199,0
70,169,117,327,347,202,0
67,169,117,327,347,201,0
67,169,117,323,347,200,0
67,169,117,317,347,200,0
67,169,113,317,347,200,0
82,170,113,324,345,204,0
82,170,113,324,338,204,0
82,164,113,324,337,204,0
82,155,113,324,337,204,0
82,147,113,324,337,204,0
101,146,116,329,350,207,0
101,137,116,329,350,207,0
101,129,116,329,350,207,0
92,129,116,329,350,207,0
86,129,116,328,350,207,0
94,134,118,329,350,208,0
94,134,115,326,350,208,0
94,134,110,326,350,208,0
88,134,110,326,349,208,0
79,134,110,326,349,208,0
87,138,113,336,352,209,0
83,138,113,336,351,209,0
81,138,113,336,350,209,0
76,138,113,336,349,209,0
72,138,113,336,348,209,0
82,148,113,340,350,212,0
79,148,113,340,348,212,0
75,148,113,340,347,212,0
72,148,113,340,345,212,0
67,147,113,340,345,212,0
72,145,115,340,356,212,0
68,143,115,340,356,212,0
64,142,115,340,356,212,0
60,141,115,340,356,212,0
56,139,115,340,356,212,0
64,146,119,344,367,215,0
61,144,119,344,367,215,0
57,143,119,344,367,215,0
54,140,119,344,367,215,0
50,139,119,344,367,215,0
56,146,122,350,377,218,0
48,146,122,350,377,218,0
39,146,122,350,377,218,0
31,146,122,350,377,218,0
26,146,122,349,377,218,0
35,151,124,355,379,223,0
31,151,122,355,379,223,0
28,151,121,355,378,223,0
23,151,121,355,378,223,0
20,151,121,355,377,223,0
34,158,128,365,385,227,0
30,158,128,365,383,227,0
27,158,128,365,382,227,0
24,158,128,365,380,227,0
19,158,128,365,379,227,0
28,168,128,369,380,230,0
22,168,128,369,379,230,0
15,168,128,369,379,230,0
12,165,128,369,379,230,0
12,165,128,369,379,230,0
15,168,132,375,391,232,0
12,168,132,375,391,232,0
12,168,132,375,391,232,0
12,168,132,374,391,232,0
12,168,132,372,391,232,0
23,172,135,371,392,232,0
18,172,135,370,392,232,0
15,172,135,368,392,232,0
12,172,135,365,392,232,0
12,172,135,364,392,232,0
25,179,140,368,396,237,0
22,179,139,366,396,237,0
17,179,139,366,396,237,0
14,179,137,366,396,237,0
12,179,135,366,396,237,0
23,183,140,373,408,240,0
17,183,140,373,407,240,0
14,183,140,373,404,240,0
12,183,140,373,402,240,0
12,182,140,373,401,240,0
21,186,143,376,403,244,0
12,186,143,376,403,244,0
12,186,143,376,403,244,0
12,186,143,376,403,244,0
12,186,143,376,403,242,0
21,189,144,378,405,242,0
16,189,144,377,405,242,0
13,189,144,375,405,242,0
12,189,144,374,404,242,0
12,189,144,374,403,242,0
24,193,147,384,403,243,0
19,193,147,384,402,243,0
16,193,147,384,400,243,0
13,193,147,384,398,243,0
12,193,147,384,396,243,0
24,199,150,388,407,246,0
21,199,150,388,405,246,0
17,199,150,388,403,246,0
14,199,150,388,401,246,0
12,199,150,388,399,246,0
21,205,153,392,403,247,0
15,205,153,392,403,247,0
12,203,153,392,403,247,0
12,203,153,392,403,247,0
12,203,153,392,403,247,0
17,210,156,397,411,248,0
14,210,156,394,411,248,0
12,210,156,393,411,248,0
12,210,156,392,411,248,0
12,210,155,391,411,248,0
20,218,157,392,412,248,0
16,218,157,392,411,248,0
14,218,157,392,407,248,0
12,218,157,392,406,248,0
12,218,157,392,404,248,0
19,224,159,396,410,250,0
15,224,159,396,409,250,0
12,224,159,396,407,250,0
12,224,159,396,405,250,0
12,222,159,396,405,250,0
12,227,161,403,407,255,0
12,227,161,403,407,255,0
12,227,161,403,407,255,0
12,227,161,403,407,255,0
12,227,161,401,407,255,0
24,235,164,404,416,256,0
20,235,164,403,416,256,0
14,235,164,402,416,256,0
12,235,164,399,416,256,0
12,235,164,398,416,256,0
22,239,167,403,417,257,0
20,239,164,403,417,257,0
15,239,163,403,417,257,0
12,239,162,403,417,257,0
12,239,160,403,417,257,0
21,248,163,403,417,258,0
18,248,163,403,414,258,0
15,247,163,403,413,258,0
12,245,163,403,413,258,0
12,244,163,403,413,258,0
24,247,164,408,413,261,0
20,244,164,408,413,261,0
16,243,164,408,413,261,0
13,240,164,408,413,261,0
12,238,164,408,413,261,0
20,240,169,414,423,265,0
14,238,169,414,423,265,0
12,235,169,414,423,265,0
12,233,169,414,423,265,0
12,230,169,414,423,265,0
25,231,169,414,425,266,0
21,228,169,414,425,266,0
15,227,169,414,425,266,0
12,224,169,414,425,266,0
12,222,169,414,425,266,0
25,222,170,418,426,270,0
22,221,170,418,426,270,0
18,217,170,418,426,270,0
12,217,170,418,426,270,0
12,213,170,418,426,270,0
25,218,171,423,429,274,0
21,216,171,423,429,274,0
18,214,171,423,429,274,0
14,211,171,423,429,274,0
12,208,171,423,429,274,0
24,213,175,427,432,275,0
21,210,175,427,432,275,0
16,208,175,427,432,275,0
13,204,175,427,432,275,0
12,202,175,427,432,275,0
24,205,176,431,434,278,0
18,204,176,431,434,278,0
15,201,176,431,434,278,0
12,199,176,431,434,278,0
12,196,176,431,434,278,0
24,199,179,434,436,282,0
14,199,179,434,436,282,0
12,199,179,434,436,282,0
12,199,179,434,436,282,0
12,199,179,434,436,282,0
12,205,182,442,437,284,0
12,205,182,441,437,284,0
12,205,182,438,437,284,0
12,205,182,437,437,284,0
12,205,182,436,437,284,0
21,206,184,439,439,285,0
16,205,184,439,438,285,0
13,202,184,439,438,285,0
12,200,184,439,438,285,0
12,197,184,439,438,285,0
21,201,189,446,438,287,0
18,198,189,446,438,287,0
13,196,189,446,438,287,0
12,193,189,446,438,287,0
12,191,189,446,438,287,0
26,193,193,453,451,289,0
20,192,193,453,451,289,0
17,188,193,453,451,289,0
13,187,193,453,451,289,0
12,184,193,453,451,289,0
24,188,194,458,451,292,0
20,186,194,458,451,292,0
12,186,194,458,451,292,0
12,186,194,458,451,292,0
12,186,194,458,451,292,0
17,194,198,461,452,295,0
12,194,198,460,452,295,0
12,194,198,458,452,295,0
12,194,198,457,452,295,0
12,194,198,457,452,295,0
17,199,198,458,461,297,0
13,199,197,458,461,297,0
12,199,195,458,461,297,0
12,199,195,458,460,297,0
12,199,195,458,458,297,0
18,208,195,461,459,299,0
15,206,195,461,458,299,0
12,202,195,461,458,299,0
12,201,195,461,458,299,0
12,196,195,461,458,299,0
18,198,199,467,468,302,0
14,195,199,467,468,302,0
12,193,199,467,468,302,0
12,190,199,467,468,302,0
12,188,199,467,468,302,0
24,189,202,473,480,303,0
19,187,202,473,480,303,0
12,187,202,473,480,303,0
12,187,202,473,480,303,0
12,187,202,473,480,303,0
24,190,206,479,480,302,0
20,190,206,476,480,302,0
17,190,206,475,480,302,0
13,190,206,473,480,302,0
12,190,206,472,480,302,0
19,191,209,473,486,304,0
15,191,209,471,486,304,0
12,191,209,470,486,304,0
12,191,208,470,486,304,0
12,191,208,470,484,304,0
17,199,208,471,495,305,0
12,198,208,471,495,305,0
12,198,208,471,495,305,0
12,198,208,471,495,305,0
12,198,208,471,495,305,0
18,200,210,479,498,310,0
12,200,210,479,498,310,0
12,199,210,479,498,310,0
12,199,210,479,498,310,0
12,199,210,479,498,310,0
17,202,214,488,498,313,0
12,202,214,488,498,313,0
12,202,214,488,498,313,0
12,202,214,488,498,313,0
12,202,214,488,498,313,0
22,206,217,498,503,319,0
17,206,217,497,503,319,0
13,206,217,497,503,319,0
12,206,217,495,503,319,0
12,206,217,494,503,319,0
20,209,221,496,516,321,0
16,209,221,494,516,321,0
12,209,221,493,516,321,0
12,209,221,492,516,321,0
12,209,221,491,516,321,0
20,213,221,491,522,322,0
16,213,220,491,522,322,0
12,213,218,491,522,322,0
12,213,218,491,520,322,0
12,212,218,491,519,322,0
27,219,222,495,529,326,0
19,218,222,495,529,326,0
12,218,222,495,529,326,0
12,218,222,495,529,326,0
12,218,222,495,529,326,0
21,223,223,502,536,330,0
12,223,223,502,536,330,0
12,223,223,502,536,330,0
12,223,223,502,536,330,0
12,223,223,501,536,330,0
21,229,227,508,538,332,0
17,229,227,506,538,332,0
13,229,227,505,538,332,0
12,229,227,504,538,332,0
12,229,227,503,538,332,0
27,236,231,509,540,334,0
23,236,231,508,540,334,0
19,236,229,508,540,334,0
15,236,229,508,540,334,0
12,236,228,508,540,334,0
18,242,227,509,545,335,0
14,242,226,509,545,335,0
12,242,226,509,544,335,0
12,242,226,509,543,335,0
12,242,226,509,542,335,0
16,246,227,511,549,336,0
12,246,227,511,547,336,0
12,246,227,511,547,336,0
12,246,227,511,545,336,0
12,246,227,511,544,336,0
23,251,232,518,542,338,0
19,251,232,518,542,338,0
16,250,232,518,541,338,0
12,249,232,518,541,338,0
12,248,232,518,541,338,0
18,249,237,524,542,342,0
14,247,237,524,542,342,0
12,246,237,524,542,342,0
12,244,237,524,542,342,0
12,243,237,524,542,342,0
19,244,241,528,549,344,0
15,242,241,528,549,344,0
12,240,241,528,549,344,0
12,239,241,528,549,344,0
12,237,241,528,549,344,0
21,238,244,535,550,346,0
17,237,244,535,550,346,0
14,235,244,535,550,346,0
12,234,244,535,550,346,0
12,232,244,535,550,346,0
25,234,247,540,551,351,0
21,232,247,540,551,351,0
17,231,247,540,551,351,0
13,230,247,540,551,351,0
12,228,247,540,551,351,0
17,232,250,549,552,353,0
14,231,250,549,552,353,0
12,229,250,549,552,353,0
12,227,250,549,552,353,0
12,226,250,549,552,353,0
16,229,252,557,552,354,0
12,228,252,557,552,354,0
12,226,252,557,552,354,0
12,224,252,557,552,354,0
12,224,252,557,552,354,0
12,229,254,565,552,355,0
12,229,254,564,552,355,0
12,229,254,564,552,355,0
12,229,254,563,552,355,0
12,229,254,562,552,355,0
23,235,260,569,565,360,0
19,235,259,569,565,360,0
16,235,257,569,565,360,0
12,235,256,569,565,360,0
12,235,256,569,565,360,0
26,241,257,573,577,362,0
22,241,255,573,577,362,0
18,241,254,573,577,362,0
15,241,253,573,576,362,0
12,241,253,573,575,362,0
25,244,256,578,574,367,0
22,242,256,578,574,367,0
18,241,256,578,574,367,0
14,240,256,578,574,367,0
12,238,256,578,574,367,0
19,240,261,585,585,371,0
16,239,261,585,585,371,0
12,237,261,585,585,371,0
12,235,261,585,585,371,0
12,234,261,585,585,371,0
23,236,266,592,585,372,0
20,234,266,592,585,372,0
16,232,266,592,585,372,0
12,230,266,592,585,372,0
12,229,266,592,585,372,0
21,233,267,595,586,374,0
17,231,267,595,586,374,0
13,230,267,595,586,374,0
12,229,267,595,586,374,0
12,228,267,595,586,374,0
19,236,268,598,587,375,0
12,236,268,598,587,375,0
12,236,268,598,587,375,0
12,236,268,596,587,375,0
12,236,268,595,587,375,0
23,242,270,596,594,377,0
19,242,270,595,594,377,0
16,242,270,594,594,377,0
12,242,270,593,594,377,0
12,242,270,592,594,377,0
20,244,274,594,601,379,0
16,244,272,594,601,379,0
12,244,272,594,601,379,0
12,244,271,594,601,379,0
12,244,270,594,601,379,0
22,245,271,597,602,383,0
18,245,269,597,602,383,0
15,245,268,597,602,383,0
12,245,268,597,602,383,0
12,245,267,597,602,383,0
19,250,269,604,602,388,0
15,250,269,604,601,388,0
12,250,269,604,599,388,0
12,250,269,604,598,388,0
12,250,269,604,597,388,0
24,257,275,613,608,393,0
21,257,275,613,606,393,0
17,257,275,613,604,393,0
13,257,275,613,603,393,0
12,257,275,613,602,393,0
22,262,278,616,602,397,0
18,262,278,616,601,397,0
15,262,278,616,599,397,0
12,262,278,616,598,397,0
12,262,278,616,597,397,0
16,265,281,620,603,399,0
12,265,281,620,601,399,0
12,265,281,620,600,399,0
12,265,281,620,599,399,0
12,265,281,620,598,399,0
22,267,285,626,598,400,0
19,265,285,626,598,400,0
15,263,285,626,598,400,0
12,262,285,626,598,400,0
12,261,285,626,598,400,0
23,266,289,631,605,402,0
19,264,289,631,605,402,0
15,263,289,631,605,402,0
12,262,289,631,605,402,0
12,260,289,631,605,402,0
16,259,293,635,606,405,0
12,258,293,635,606,405,0
12,257,293,635,606,405,0
12,255,293,635,606,405,0
12,254,293,635,606,405,0
24,256,296,645,609,406,0
20,255,296,645,609,406,0
16,253,296,645,609,406,0
12,253,296,645,609,406,0
12,253,296,645,609,406,0
17,260,299,647,609,408,0
12,260,299,647,609,408,0
12,260,299,647,609,408,0
12,260,299,647,609,408,0
12,260,299,647,609,407,0
20,266,301,651,616,407,0
16,266,301,651,616,407,0
12,266,301,651,616,407,0
12,266,301,651,616,406,0
12,266,301,651,616,406,0
23,269,304,660,618,407,0
19,269,304,658,618,407,0
15,269,304,658,618,407,0
12,269,304,656,618,407,0
12,269,303,656,618,407,0
24,277,306,662,626,409,0
21,277,305,662,626,409,0
17,277,303,662,626,409,0
13,277,303,662,626,409,0
12,277,302,662,626,409,0
19,282,305,669,626,410,0
15,282,305,669,625,410,0
12,282,305,669,623,410,0
12,282,305,669,622,410,0
12,282,305,669,621,410,0
27,288,308,673,632,413,0
22,287,308,673,632,413,0
18,285,308,673,632,413,0
15,284,308,673,632,413,0
12,283,308,673,632,413,0
13,289,310,673,638,416,0
12,289,310,673,638,416,0
12,289,310,673,638,416,0
12,289,310,671,638,416,0
12,289,310,671,638,416,0
27,297,313,677,643,418,0
23,297,313,675,643,418,0
19,297,313,674,643,418,0
16,297,313,673,643,418,0
12,297,313,672,643,418,0
18,302,315,677,645,423,0
15,302,314,677,645,423,0
12,302,313,677,644,423,0
12,302,313,677,644,423,0
12,302,313,677,642,423,0
20,309,316,679,641,425,0
16,309,316,679,640,425,0
12,309,316,679,639,425,0
12,309,316,679,638,425,0
12,308,316,679,637,425,0
22,313,317,684,637,428,0
12,313,317,684,637,428,0
12,313,317,684,637,428,0
12,313,317,684,637,428,0
12,313,317,684,637,428,0
21,316,321,687,651,430,0
17,316,321,687,651,430,0
13,316,321,687,651,430,0
12,316,321,687,651,429,0
12,316,321,686,651,429,0
25,325,325,689,660,434,0
21,325,325,687,660,434,0
17,325,325,686,660,434,0
14,325,324,686,660,434,0
12,325,323,686,660,434,0
19,333,326,690,671,437,0
15,333,325,690,671,437,0
12,333,325,690,671,437,0
12,333,325,690,670,437,0
12,333,325,690,670,437,0
14,338,327,694,671,438,0
12,338,327,694,671,438,0
12,338,327,694,671,438,0
12,338,327,694,671,438,0
12,338,327,694,667,438,0
28,341,329,697,680,441,0
20,341,329,697,680,441,0
20,341,329,691,680,441,0
20,341,327,688,680,441,0
20,341,322,688,680,441,0
29,347,317,689,685,442,0
29,347,311,689,685,442,0
29,347,306,689,685,442,0
29,347,300,689,685,442,0
29,347,295,689,685,442,0
42,353,290,693,686,444,0
42,353,284,693,686,444,0
42,353,279,693,686,444,0
42,353,272,693,686,444,0
42,353,267,693,686,444,0
59,359,265,696,688,445,0
59,359,258,696,688,445,0
59,359,254,696,688,445,0
59,359,248,696,688,445,0
59,357,248,696,684,445,0
64,359,252,701,685,445,0
57,359,252,701,685,445,0
57,359,252,695,685,444,0
57,359,252,689,685,444,0
57,359,252,684,685,444,0
74,365,250,688,688,448,0
74,365,245,688,688,448,0
74,365,239,688,688,448,0
74,365,234,688,688,448,0
74,365,228,688,688,448,0
91,369,223,694,694,451,0
91,369,218,694,694,451,0
91,369,213,694,694,451,0
84,369,212,694,694,451,0
76,369,212,694,694,451,0
79,378,215,698,701,453,0
71,378,215,698,701,453,0
61,378,215,698,701,453,0
52,378,215,698,701,453,0
43,378,215,698,701,453,0
50,383,219,706,704,456,0
44,383,218,706,704,456,0
41,383,217,706,704,456,0
37,383,215,706,704,456,0
33,383,215,706,704,456,0
43,386,215,710,714,456,0
39,386,214,710,714,456,0
35,386,213,710,714,456,0
32,386,213,710,714,456,0
28,386,212,710,714,456,0
45,394,214,714,726,458,0
41,394,212,714,726,458,0
37,394,211,714,726,458,0
33,394,210,714,726,458,0
31,394,209,714,726,458,0
39,403,208,717,728,460,0
35,403,207,717,728,460,0
31,403,205,717,728,460,0
28,403,204,717,728,460,0
24,403,203,717,728,460,0
29,408,202,720,736,461,0
25,408,202,720,736,461,0
21,408,201,720,736,461,0
19,408,199,720,736,461,0
14,408,198,720,736,461,0
30,418,199,725,739,463,0
26,418,198,725,739,463,0
23,418,197,725,739,463,0
19,418,196,725,739,463,0
15,418,195,725,739,463,0
30,429,197,732,751,467,0
26,429,195,732,751,467,0
22,429,194,732,751,467,0
19,429,194,732,751,467,0
15,429,192,732,751,467,0
28,432,192,736,752,471,0
25,432,191,736,752,471,0
20,432,190,736,752,471,0
16,432,189,736,752,471,0
13,432,188,736,752,471,0
24,439,190,745,756,477,0
20,439,190,745,756,477,0
16,439,188,745,756,477,0
13,439,186,745,756,477,0
12,439,186,745,756,477,0
21,440,185,747,756,480,0
18,440,185,747,756,480,0
14,440,183,747,756,480,0
12,440,182,747,756,480,0
12,440,181,747,756,480,0
23,442,181,751,756,484,0
19,442,180,751,756,484,0
16,442,179,751,756,484,0
12,442,178,751,756,484,0
12,442,178,751,756,484,0
19,447,182,756,763,484,0
14,447,181,756,763,484,0
12,447,180,756,763,484,0
12,447,179,756,763,484,0
12,447,177,756,763,484,0
23,452,181,764,766,487,0
20,452,179,764,766,487,0
15,452,178,764,766,487,0
12,452,176,764,766,487,0
12,452,176,764,766,487,0
20,454,179,768,773,489,0
16,454,177,768,773,489,0
12,454,176,768,773,489,0
12,454,175,768,773,489,0
12,454,173,768,773,489,0
20,460,179,774,781,490,0
17,460,178,774,781,490,0
13,460,176,774,781,490,0
12,460,176,774,781,490,0
12,460,174,774,781,490,0
27,470,178,779,784,494,0
22,470,177,779,784,494,0
19,470,176,779,784,494,0
15,470,175,779,784,494,0
12,470,174,779,784,494,0
17,471,173,781,793,494,0
12,471,172,781,793,494,0
12,471,170,781,793,494,0
12,471,169,781,793,494,0
12,471,168,781,793,494,0
17,473,172,786,793,498,0
13,473,171,786,793,498,0
12,473,170,786,793,498,0
12,473,168,786,793,498,0
12,473,168,786,793,498,0
27,482,169,790,795,500,0
23,482,167,790,795,500,0
19,482,166,790,795,500,0
16,482,165,790,795,500,0
12,482,164,790,795,500,0
22,487,168,796,795,502,0
19,487,167,796,795,502,0
15,487,165,796,795,502,0
12,487,165,796,795,502,0
12,487,164,796,795,502,0
22,490,164,800,796,506,0
18,490,163,800,796,506,0
14,490,162,800,796,506,0
12,490,162,800,796,506,0
12,490,160,800,796,506,0
20,492,161,802,809,507,0
15,492,161,802,809,507,0
12,492,159,802,809,507,0
12,492,159,802,809,507,0
12,492,158,802,809,507,0
20,495,161,807,810,508,0
16,495,160,807,810,508,0
13,495,158,807,810,508,0
12,495,157,807,810,508,0
12,495,156,807,810,508,0
24,500,160,814,810,510,0
20,500,159,814,810,510,0
16,500,158,814,810,510,0
13,500,157,814,810,510,0
12,500,156,814,810,510,0
26,507,158,819,814,515,0
22,507,158,819,814,515,0
19,507,157,819,814,515,0
15,507,155,819,814,515,0
12,507,154,819,814,515,0
23,518,154,824,818,519,0
19,518,152,824,818,519,0
15,518,151,824,818,519,0
12,518,151,824,818,519,0
12,518,149,824,818,519,0
26,524,152,831,831,521,0
23,524,151,831,831,521,0
18,524,150,831,831,521,0
14,524,149,831,831,521,0
12,524,148,831,831,521,0
20,527,151,833,844,523,0
16,527,150,833,844,523,0
13,527,149,833,844,523,0
12,527,148,833,844,523,0
12,527,148,833,842,523,0
27,532,152,837,845,524,0
20,531,152,837,845,524,0
12,531,152,837,845,524,0
12,531,152,837,845,524,0
12,531,152,837,845,524,0
28,536,153,839,845,526,0
23,536,153,839,845,526,0
20,536,153,839,845,525,0
16,536,153,838,845,525,0
12,536,153,837,845,525,0
29,541,154,837,845,527,0
24,541,154,836,845,527,0
20,541,154,835,845,527,0
17,541,154,834,845,527,0
13,541,154,832,845,527,0
31,546,158,839,848,533,0
28,546,157,839,848,533,0
23,546,156,839,848,533,0
19,546,155,839,848,533,0
16,546,155,839,848,533,0
26,553,154,845,859,535,0
23,553,153,845,859,535,0
19,553,152,845,859,535,0
16,553,150,845,859,535,0
12,553,149,845,859,535,0
27,558,150,852,866,539,0
24,558,149,852,866,539,0
20,558,147,852,866,539,0
16,558,147,852,866,539,0
12,558,145,852,866,539,0
22,561,146,856,876,539,0
18,561,145,856,876,539,0
15,561,144,856,876,539,0
12,561,143,856,876,539,0
12,561,142,856,876,539,0
22,564,144,865,878,540,0
17,564,143,865,878,540,0
13,564,142,865,878,540,0
12,564,142,865,878,540,0
12,564,141,865,878,540,0
31,569,144,876,884,547,0
27,569,142,876,884,547,0
24,569,141,876,884,547,0
19,569,140,876,884,547,0
15,569,139,876,884,547,0
27,575,143,885,892,550,0
24,575,142,885,892,550,0
20,575,141,885,892,550,0
16,575,139,885,892,550,0
12,575,138,885,892,550,0
19,582,141,888,902,553,0
16,582,141,888,901,553,0
12,582,141,888,899,553,0
12,582,141,888,899,553,0
12,582,141,888,897,553,0
17,588,142,889,901,554,0
13,588,142,889,900,554,0
12,588,142,889,899,554,0
12,588,142,889,898,554,0
12,588,142,889,897,554,0
22,589,142,891,896,557,0
17,589,142,891,895,557,0
13,589,142,891,894,557,0
12,589,142,891,893,557,0
12,589,142,891,892,557,0
21,592,147,896,899,560,0
18,592,147,896,898,560,0
13,592,147,896,897,560,0
12,592,147,896,895,560,0
12,592,147,896,894,560,0
27,601,152,903,902,563,0
23,601,152,903,900,563,0
19,600,152,903,899,563,0
16,599,152,903,899,563,0
12,598,152,903,899,563,0
19,602,155,912,900,565,0
15,600,155,912,900,565,0
12,600,155,912,900,565,0
12,599,155,912,900,565,0
12,597,155,912,900,565,0
28,604,159,919,905,568,0
24,603,159,919,905,568,0
20,601,159,919,905,568,0
16,600,159,919,905,568,0
12,598,159,919,905,568,0
25,601,164,926,918,571,0
21,599,164,926,918,571,0
17,597,164,926,918,571,0
12,596,164,926,918,571,0
12,596,164,926,918,571,0
14,602,166,926,925,574,0
12,602,166,926,925,574,0
12,602,166,926,925,574,0
12,602,166,926,925,573,0
12,602,166,926,925,573,0
17,608,169,928,934,574,0
13,608,169,928,934,574,0
12,608,169,926,934,574,0
12,608,169,924,934,574,0
12,608,169,923,934,574,0
26,615,171,925,945,575,0
23,615,171,924,945,575,0
19,615,171,923,945,575,0
15,615,171,922,945,575,0
12,615,171,920,945,575,0
28,621,173,923,946,578,0
24,621,173,923,945,578,0
21,621,173,923,945,578,0
17,621,173,923,943,578,0
13,621,173,923,942,578,0
24,624,175,927,950,578,0
19,624,175,927,949,578,0
15,624,175,927,948,578,0
12,622,175,927,948,578,0
12,621,175,927,948,578,0
28,625,179,934,951,584,0
24,623,179,934,951,584,0
16,622,179,934,951,584,0
12,622,179,934,951,584,0
12,622,179,934,951,584,0
23,626,183,940,953,589,0
19,626,183,940,953,589,0
15,626,183,940,953,589,0
12,626,183,940,953,589,0
12,626,183,940,953,588,0
19,629,187,945,954,589,0
16,629,187,945,954,589,0
12,629,187,944,954,589,0
12,629,187,943,954,589,0
12,629,187,942,954,589,0
20,633,189,946,965,591,0
16,633,189,945,965,591,0
12,633,188,945,965,591,0
12,633,187,945,965,591,0
12,633,186,945,965,591,0
16,635,188,950,974,594,0
12,635,186,950,974,594,0
12,635,185,950,974,594,0
12,635,184,950,974,594,0
12,635,183,950,974,594,0
17,639,185,955,983,597,0
14,639,184,955,983,597,0
12,639,183,955,983,597,0
12,639,181,955,983,597,0
12,639,181,955,983,597,0
27,643,180,961,989,600,0
23,643,178,961,989,600,0
19,643,178,961,989,600,0
15,643,177,961,988,600,0
12,643,177,961,987,600,0
27,649,184,969,990,605,0
24,649,184,969,989,605,0
20,649,184,969,987,605,0
16,649,184,969,986,605,0
12,649,184,969,984,605,0
27,658,189,973,984,609,0
22,658,189,973,983,609,0
18,658,189,973,982,609,0
15,658,189,973,981,609,0
12,658,189,973,979,609,0
25,664,193,976,980,610,0
21,664,193,976,978,610,0
17,663,193,976,977,610,0
13,661,193,976,977,610,0
12,661,193,976,977,610,0
17,668,193,978,977,610,0
12,668,193,978,977,610,0
12,668,193,978,977,610,0
12,668,193,978,977,609,0
12,668,193,978,977,609,0
25,675,196,982,981,610,0
21,675,196,981,981,610,0
17,675,196,979,981,610,0
14,675,196,978,981,610,0
12,675,196,977,981,610,0
25,680,200,988,985,612,0
22,680,200,987,985,612,0
18,680,200,986,985,612,0
14,680,200,985,985,612,0
12,680,200,984,985,612,0
23,683,203,989,993,615,0
18,683,202,989,993,615,0
14,683,202,989,993,615,0
12,683,200,989,993,615,0
12,683,199,989,993,615,0
24,689,202,992,995,616,0
20,689,201,992,995,616,0
16,689,200,992,995,616,0
12,689,199,992,995,616,0
12,689,198,992,995,616,0
22,693,202,998,1004,619,0
19,693,200,998,1004,619,0
14,693,200,998,1004,619,0
12,693,199,998,1004,619,0
12,693,198,998,1004,619,0
21,695,200,1000,1017,620,0
17,695,199,1000,1017,620,0
13,695,198,1000,1017,620,0
12,695,197,1000,1017,620,0
12,695,197,1000,1016,620,0
24,699,201,1011,1019,622,0
21,699,201,1011,1018,622,0
17,699,201,1011,1017,622,0
13,699,201,1011,1016,622,0
12,699,201,1011,1015,622,0
17,704,202,1014,1022,623,0
13,702,202,1014,1022,623,0
12,702,202,1014,1022,623,0
12,702,202,1014,1022,623,0
12,702,202,1014,1022,623,0
20,706,204,1019,1033,625,0
16,706,204,1019,1033,625,0
12,706,204,1019,1033,624,0
12,706,204,1018,1033,624,0
12,706,203,1018,1033,624,0
24,709,207,1025,1032,625,0
21,709,207,1025,1031,625,0
16,709,207,1025,1030,625,0
12,709,207,1025,1028,625,0
12,709,207,1025,1028,625,0
24,714,211,1033,1030,628,0
20,714,211,1033,1029,628,0
16,714,211,1033,1028,628,0
12,714,211,1033,1027,628,0
12,714,211,1033,1025,628,0
21,716,216,1038,1033,631,0
17,715,216,1038,1033,631,0
13,714,216,1038,1033,631,0
12,712,216,1038,1033,631,0
12,711,216,1038,1033,631,0
21,712,220,1041,1047,633,0
17,710,220,1041,1047,633,0
14,708,220,1041,1047,633,0
12,707,220,1041,1047,633,0
12,705,220,1041,1047,633,0
26,716,223,1048,1060,637,0
22,714,223,1048,1060,637,0
18,712,223,1048,1060,637,0
15,711,223,1048,1060,637,0
12,709,223,1048,1060,637,0
23,716,227,1051,1061,640,0
19,715,227,1051,1061,640,0
15,714,227,1051,1061,640,0
12,712,227,1051,1061,640,0
12,710,227,1051,1061,640,0
22,715,227,1053,1061,640,0
18,714,227,1053,1061,640,0
14,713,227,1053,1061,640,0
12,711,227,1053,1061,640,0
12,710,227,1053,1061,640,0
24,714,231,1057,1064,644,0
20,714,231,1057,1064,644,0
13,713,231,1057,1064,644,0
12,713,231,1057,1064,644,0
12,713,231,1057,1064,644,0
22,717,233,1061,1075,645,0
17,717,233,1060,1075,645,0
13,717,233,1059,1075,645,0
12,717,233,1057,1075,645,0
12,717,231,1057,1075,645,0
16,719,236,1062,1074,649,0
12,719,236,1062,1073,649,0
12,719,236,1062,1071,649,0
12,719,236,1062,1070,649,0
12,719,236,1062,1068,649,0
19,727,236,1062,1077,650,0
12,727,236,1062,1077,650,0
12,727,236,1062,1077,650,0
12,727,236,1062,1077,650,0
12,727,236,1062,1077,650,0
13,729,239,1064,1090,651,0
12,729,239,1064,1090,651,0
12,729,239,1064,1090,651,0
12,729,239,1064,1090,651,0
12,729,239,1064,1090,651,0
13,731,244,1069,1090,655,0
13,731,244,1069,1083,655,0
13,726,244,1069,1081,655,0
13,718,244,1069,1081,655,0
13,710,244,1069,1081,655,0
26,708,244,1074,1091,656,0
26,700,244,1074,1091,656,0
26,691,244,1074,1091,656,0
26,683,244,1074,1091,656,0
26,677,244,1074,1091,656,0
45,673,248,1080,1093,662,0
45,665,248,1080,1093,662,0
43,660,248,1080,1093,662,0
33,660,248,1080,1093,662,0
25,660,248,1080,1093,662,0
31,667,253,1089,1096,665,0
31,667,253,1087,1096,663,0
31,667,253,1081,1096,663,0
31,667,251,1077,1096,663,0
31,667,250,1077,1091,663,0
44,677,250,1081,1087,666,0
44,677,250,1081,1082,666,0
44,669,250,1081,1082,666,0
41,666,250,1081,1082,666,0
31,666,250,1081,1082,666,0
36,669,252,1084,1092,668,0
36,669,252,1077,1092,668,0
36,669,252,1071,1092,668,0
36,669,251,1071,1088,668,0
36,669,251,1071,1083,668,0
52,677,255,1077,1086,670,0
52,670,255,1077,1086,670,0
52,661,255,1077,1086,670,0
52,653,255,1077,1086,670,0
52,646,255,1077,1086,670,0
71,647,257,1082,1089,672,0
71,640,257,1082,1089,672,0
71,632,257,1082,1089,672,0
71,625,257,1082,1089,672,0
71,616,257,1082,1089,672,0
87,614,262,1090,1090,675,0
87,606,262,1090,1090,675,0
87,598,262,1090,1090,675,0
86,594,262,1090,1090,675,0
81,593,262,1090,1090,675,0
86,594,262,1093,1099,675,0
82,592,262,1093,1099,675,0
79,591,262,1093,1099,675,0
75,589,262,1093,1099,675,0
71,588,262,1093,1099,675,0
83,588,266,1099,1100,675,0
79,586,266,1099,1100,675,0
75,584,266,1099,1100,675,0
71,583,266,1099,1100,675,0
65,583,266,1099,1100,675,0
67,588,267,1102,1101,675,0
59,588,267,1102,1101,675,0
53,588,267,1101,1101,675,0
50,588,267,1100,1101,675,0
46,588,267,1098,1101,675,0
56,590,270,1105,1102,677,0
52,590,269,1105,1101,677,0
50,590,269,1105,1099,677,0
45,590,269,1105,1098,677,0
41,590,269,1105,1097,677,0
46,594,273,1108,1102,678,0
43,594,273,1108,1100,678,0
39,594,273,1108,1099,678,0
35,594,273,1108,1098,678,0
33,592,273,1108,1098,678,0
43,594,275,1112,1099,678,0
39,593,275,1112,1099,678,0
35,592,275,1112,1099,678,0
32,590,275,1112,1099,678,0
26,589,275,1112,1099,678,0
29,595,281,1118,1107,679,0
20,595,281,1118,1107,679,0
15,595,281,1118,1107,679,0
12,595,281,1118,1107,679,0
12,595,281,1118,1107,679,0
18,600,282,1122,1116,679,0
14,600,282,1122,1116,679,0
12,600,282,1122,1116,679,0
12,600,282,1122,1116,679,0
12,600,282,1122,1116,678,0
23,605,287,1129,1116,679,0
19,605,287,1129,1116,679,0
15,605,287,1129,1116,679,0
12,605,287,1129,1116,678,0
12,605,287,1128,1116,678,0
27,612,289,1130,1127,679,0
23,612,289,1128,1127,679,0
19,612,289,1127,1127,679,0
15,612,289,1126,1127,679,0
12,612,289,1124,1127,679,0
23,619,292,1129,1135,680,0
20,619,292,1128,1135,680,0
16,619,292,1127,1135,680,0
12,619,291,1127,1135,680,0
12,619,289,1127,1135,680,0
20,628,294,1132,1146,684,0
16,628,294,1132,1144,684,0
12,628,294,1132,1144,684,0
12,628,294,1132,1143,684,0
12,628,294,1132,1141,684,0
22,632,295,1134,1150,685,0
18,632,295,1134,1148,685,0
14,632,295,1134,1146,685,0
12,632,295,1134,1145,685,0
12,632,295,1134,1144,685,0
22,631,296,1140,1144,689,0
18,629,296,1140,1144,689,0
14,628,296,1140,1144,689,0
12,626,296,1140,1144,689,0
12,624,296,1140,1144,689,0
22,628,300,1148,1146,691,0
18,628,300,1148,1146,691,0
14,626,300,1148,1146,691,0
12,625,300,1148,1146,691,0
12,623,300,1148,1146,691,0
25,629,302,1154,1147,695,0
21,628,302,1154,1147,695,0
17,626,302,1154,1147,695,0
13,624,302,1154,1147,695,0
12,624,302,1154,1147,695,0
20,625,306,1160,1159,697,0
16,623,306,1160,1159,697,0
13,621,306,1160,1159,697,0
12,619,306,1160,1159,697,0
12,618,306,1160,1159,697,0
24,623,310,1169,1163,700,0
20,621,310,1169,1163,700,0
16,620,310,1169,1163,700,0
13,618,310,1169,1163,700,0
12,616,310,1169,1163,700,0
23,622,311,1171,1163,701,0
18,620,311,1171,1163,701,0
12,620,311,1171,1163,701,0
12,620,311,1171,1163,701,0
12,620,311,1171,1163,701,0
16,626,317,1177,1171,702,0
12,626,317,1177,1171,702,0
12,626,317,1177,1171,702,0
12,626,317,1177,1171,702,0
12,626,317,1177,1171,702,0
20,627,320,1182,1173,702,0
17,627,320,1182,1173,701,0
13,627,320,1182,1173,701,0
12,627,320,1182,1173,701,0
12,627,320,1182,1173,701,0
22,629,320,1185,1173,704,0
19,629,320,1185,1173,703,0
14,629,320,1185,1173,703,0
12,629,320,1185,1173,702,0
12,629,320,1185,1173,702,0
17,631,323,1187,1173,705,0
14,631,323,1185,1173,705,0
12,631,323,1184,1173,705,0
12,631,323,1183,1173,705,0
12,631,323,1182,1173,705,0
26,638,323,1187,1177,709,0
22,638,322,1187,1177,709,0
19,638,320,1187,1177,709,0
14,638,319,1187,1177,709,0
12,638,318,1187,1177,709,0
24,644,320,1194,1190,712,0
20,644,319,1194,1190,712,0
16,644,318,1194,1190,712,0
13,644,316,1194,1190,712,0
12,644,315,1194,1190,712,0
21,654,315,1196,1202,714,0
17,654,314,1196,1202,714,0
14,654,313,1196,1202,714,0
12,654,311,1196,1202,714,0
12,654,311,1196,1202,714,0
17,658,310,1202,1203,718,0
13,658,309,1202,1203,718,0
12,658,308,1202,1203,718,0
12,658,307,1202,1203,718,0
12,658,305,1202,1203,718,0
21,663,311,1210,1215,723,0
18,663,310,1210,1215,723,0
13,663,309,1210,1215,723,0
12,663,308,1210,1215,723,0
12,663,307,1210,1215,723,0
20,670,310,1211,1215,723,0
16,670,310,1211,1215,723,0
12,670,310,1211,1214,723,0
12,670,310,1211,1212,723,0
12,669,310,1211,1211,723,0
26,678,316,1214,1213,726,0
22,677,316,1214,1213,726,0
18,676,316,1214,1213,726,0
14,674,316,1214,1213,726,0
12,672,316,1214,1213,726,0
25,675,321,1220,1215,729,0
20,674,321,1220,1215,729,0
17,671,321,1220,1215,729,0
13,669,321,1220,1215,729,0
12,668,321,1220,1215,729,0
28,675,326,1228,1224,732,0
24,673,326,1228,1224,732,0
20,672,326,1228,1224,732,0
16,671,326,1228,1224,732,0
12,670,326,1228,1224,732,0
24,672,331,1235,1237,735,0
21,670,331,1235,1237,735,0
17,668,331,1235,1237,735,0
13,667,331,1235,1237,735,0
12,666,331,1235,1237,735,0
26,667,334,1244,1241,740,0
22,666,334,1244,1241,740,0
18,665,334,1244,1241,740,0
12,664,334,1244,1241,740,0
12,664,334,1244,1241,740,0
14,667,335,1244,1242,741,0
12,667,335,1244,1242,741,0
12,667,335,1244,1242,741,0
12,667,335,1244,1242,741,0
12,667,335,1244,1242,741,0
23,669,339,1250,1243,740,0
18,669,339,1250,1243,740,0
15,669,339,1249,1243,740,0
12,669,339,1248,1243,740,0
12,669,339,1247,1243,740,0
25,678,343,1249,1245,743,0
20,678,343,1248,1245,743,0
16,678,343,1247,1245,743,0
13,678,343,1247,1245,743,0
12,678,343,1245,1245,743,0
18,680,346,1248,1248,744,0
15,680,346,1247,1248,744,0
12,680,346,1246,1248,744,0
12,680,345,1245,1248,744,0
12,680,345,1245,1247,744,0
21,683,349,1250,1256,746,0
17,683,349,1250,1255,746,0
13,682,349,1250,1254,746,0
12,680,349,1250,1254,746,0
12,680,349,1250,1254,746,0
25,689,353,1257,1269,750,0
15,689,353,1257,1269,750,0
12,689,353,1257,1269,750,0
12,689,353,1257,1269,750,0
12,689,353,1257,1269,750,0
17,693,354,1259,1273,750,0
13,693,354,1258,1273,750,0
12,693,354,1257,1273,750,0
12,693,354,1257,1271,750,0
12,693,354,1257,1270,750,0
26,701,355,1260,1270,751,0
21,701,355,1260,1269,751,0
17,701,355,1260,1267,751,0
13,701,355,1260,1266,751,0
12,701,355,1260,1265,751,0
25,706,361,1268,1265,753,0
21,704,361,1268,1265,753,0
18,703,361,1268,1265,753,0
14,701,361,1268,1265,753,0
12,700,361,1268,1265,753,0
15,707,362,1271,1274,755,0
12,707,362,1271,1274,755,0
12,707,362,1271,1274,755,0
12,707,362,1271,1274,755,0
12,707,362,1271,1274,754,0
24,714,363,1276,1277,758,0
21,714,363,1276,1277,757,0
17,714,363,1276,1277,757,0
13,714,363,1276,1277,757,0
12,714,363,1276,1277,757,0
21,721,369,1283,1286,759,0
17,721,369,1283,1286,759,0
13,721,369,1282,1286,759,0
12,721,369,1281,1286,759,0
12,721,369,1279,1286,759,0
20,724,370,1282,1296,760,0
16,724,370,1280,1296,760,0
12,724,369,1279,1296,760,0
12,724,368,1279,1296,760,0
12,724,367,1279,1296,760,0
17,732,369,1281,1297,763,0
13,732,368,1281,1297,763,0
12,732,366,1281,1297,763,0
12,732,365,1281,1297,763,0
12,732,365,1281,1297,763,0
27,739,365,1286,1301,767,0
23,739,363,1286,1301,767,0
19,739,362,1286,1301,767,0
15,739,361,1286,1301,767,0
12,739,360,1286,1301,767,0
23,747,363,1289,1302,770,0
19,747,362,1289,1302,770,0
16,747,361,1289,1302,770,0
12,747,359,1289,1302,770,0
12,747,358,1289,1302,770,0
22,754,357,1291,1302,770,0
18,754,355,1291,1302,770,0
14,754,354,1291,1302,770,0
12,754,353,1291,1302,770,0
12,754,352,1291,1302,770,0
18,757,355,1295,1308,772,0
13,757,355,1295,1307,772,0
12,757,355,1295,1305,772,0
12,757,355,1295,1304,772,0
12,757,355,1295,1304,772,0
21,758,356,1298,1303,775,0
17,758,356,1298,1303,775,0
14,758,356,1298,1301,775,0
12,758,356,1298,1300,775,0
12,758,356,1298,1299,775,0
24,765,357,1301,1299,776,0
20,765,357,1301,1297,776,0
16,765,357,1301,1296,776,0
13,765,357,1301,1294,776,0
12,765,357,1301,1293,776,0
18,770,358,1304,1297,776,0
14,770,358,1304,1297,776,0
12,770,358,1304,1295,776,0
12,770,358,1304,1294,776,0
12,770,358,1304,1294,776,0
21,774,360,1305,1292,777,0
18,773,360,1305,1292,777,0
12,772,360,1305,1292,777,0
12,772,360,1305,1292,777,0
12,772,360,1305,1292,777,0
18,778,363,1313,1295,783,0
14,778,363,1313,1295,783,0
12,778,363,1313,1295,782,0
12,778,363,1313,1295,782,0
12,778,363,1312,1295,782,0
18,785,367,1314,1305,785,0
14,785,367,1313,1305,785,0
12,785,367,1312,1305,785,0
12,785,367,1310,1305,785,0
12,785,367,1308,1305,785,0
22,793,369,1311,1315,788,0
19,793,369,1311,1315,788,0
15,793,369,1309,1315,788,0
12,793,369,1308,1315,788,0
12,793,368,1308,1315,788,0
20,797,373,1315,1317,793,0
16,797,372,1315,1317,793,0
13,797,372,1315,1316,793,0
12,797,372,1315,1315,793,0
12,797,372,1315,1314,793,0
20,802,377,1321,1322,797,0
17,802,377,1321,1320,797,0
12,802,377,1321,1319,797,0
12,802,377,1321,1318,797,0
12,800,377,1321,1317,797,0
24,810,382,1325,1327,802,0
15,810,382,1325,1327,802,0
12,810,382,1325,1327,802,0
12,810,382,1325,1327,802,0
12,810,382,1325,1327,802,0
16,819,387,1330,1339,806,0
12,819,387,1330,1339,806,0
12,819,387,1329,1339,806,0
12,819,387,1327,1339,806,0
12,819,387,1325,1339,806,0
24,827,388,1327,1340,807,0
21,827,388,1327,1340,807,0
17,827,388,1325,1340,807,0
13,827,388,1324,1340,807,0
12,827,388,1322,1340,807,0
16,829,387,1324,1342,809,0
12,829,386,1324,1342,809,0
12,829,385,1324,1342,809,0
12,829,384,1324,1342,809,0
12,829,384,1324,1342,809,0
23,836,383,1326,1342,809,0
18,836,382,1326,1342,809,0
14,836,381,1326,1342,809,0
12,836,380,1326,1342,809,0
12,836,379,1326,1342,809,0
19,845,382,1330,1344,813,0
15,845,382,1330,1343,813,0
12,845,382,1330,1342,813,0
12,845,382,1330,1340,813,0
12,845,382,1330,1339,813,0
22,851,384,1334,1340,814,0
18,851,384,1334,1338,814,0
14,850,384,1334,1338,814,0
12,848,384,1334,1338,814,0
12,846,384,1334,1338,814,0
21,854,384,1338,1341,817,0
18,852,384,1338,1341,817,0
14,851,384,1338,1341,817,0
12,849,384,1338,1341,817,0
12,847,384,1338,1341,817,0
18,851,387,1347,1343,819,0
14,850,387,1347,1343,819,0
12,848,387,1347,1343,819,0
12,846,387,1347,1343,819,0
12,846,387,1347,1343,819,0
23,855,390,1354,1348,824,0
14,855,390,1354,1348,824,0
12,855,390,1354,1348,824,0
12,855,390,1354,1348,824,0
12,855,390,1354,1348,824,0
12,859,394,1358,1354,824,0
12,859,394,1358,1354,824,0
12,859,394,1358,1354,824,0
12,859,394,1356,1354,824,0
12,859,394,1355,1354,824,0
15,864,397,1358,1361,825,0
12,864,397,1356,1361,825,0
12,864,397,1355,1361,825,0
12,864,397,1354,1361,825,0
12,864,397,1353,1361,825,0
20,869,399,1360,1361,826,0
16,869,399,1360,1360,826,0
13,869,399,1360,1359,826,0
12,869,399,1360,1357,826,0
12,868,399,1360,1357,826,0
25,871,399,1366,1363,829,0
22,869,399,1366,1363,829,0
18,867,399,1366,1363,829,0
14,865,399,1366,1363,829,0
12,864,399,1366,1363,829,0
14,869,404,1371,1370,830,0
12,869,404,1371,1370,830,0
12,869,404,1371,1370,830,0
12,869,404,1371,1370,830,0
12,869,404,1370,1370,830,0
22,875,406,1373,1373,831,0
18,875,406,1372,1373,831,0
14,875,406,1371,1373,831,0
12,875,406,1369,1373,831,0
12,875,406,1368,1373,831,0
25,881,412,1375,1374,833,0
22,881,412,1374,1374,833,0
18,881,412,1372,1374,833,0
15,881,412,1370,1374,833,0
12,881,412,1370,1374,833,0
22,884,416,1371,1388,835,0
18,884,416,1370,1388,835,0
15,884,416,1370,1388,835,0
12,884,416,1369,1388,835,0
12,884,416,1368,1388,835,0
22,890,418,1371,1390,836,0
17,890,418,1370,1390,836,0
13,890,418,1369,1390,836,0
12,890,418,1368,1390,836,0
12,890,416,1368,1390,836,0
21,895,420,1374,1400,840,0
18,895,419,1374,1400,840,0
13,895,418,1374,1400,840,0
12,895,416,1374,1400,840,0
12,895,415,1374,1400,840,0
23,899,418,1378,1414,842,0
19,899,417,1378,1414,842,0
15,899,416,1378,1414,842,0
12,899,415,1378,1414,842,0
12,899,415,1378,1412,842,0
20,903,416,1380,1411,844,0
17,902,416,1380,1410,844,0
13,901,416,1380,1410,844,0
12,900,416,1380,1410,844,0
12,900,416,1380,1410,844,0
12,903,417,1381,1413,845,0
12,903,417,1381,1413,845,0
12,903,417,1381,1413,845,0
12,903,417,1381,1413,845,0
12,903,417,1381,1413,845,0
20,911,420,1382,1414,846,0
16,911,419,1382,1414,846,0
12,911,418,1382,1414,846,0
12,911,418,1382,1414,846,0
12,911,416,1382,1414,846,0
21,918,416,1383,1421,849,0
17,918,415,1383,1421,849,0
13,918,414,1383,1421,849,0
12,918,412,1383,1421,849,0
12,918,411,1383,1421,849,0
25,925,411,1388,1424,853,0
21,925,410,1388,1424,853,0
17,925,409,1388,1424,853,0
13,925,409,1388,1422,853,0
12,925,409,1388,1420,853,0
25,929,412,1392,1423,857,0
21,927,412,1392,1423,857,0
17,926,412,1392,1423,857,0
13,924,412,1392,1423,857,0
12,922,412,1392,1423,857,0
15,923,414,1395,1424,859,0
12,921,414,1395,1424,859,0
12,920,414,1395,1424,859,0
12,919,414,1395,1424,859,0
12,917,414,1395,1424,859,0
18,922,414,1397,1432,860,0
12,921,414,1397,1432,860,0
12,921,414,1397,1432,860,0
12,921,414,1397,1432,860,0
12,921,414,1397,1432,860,0
20,927,414,1402,1442,861,0
16,927,414,1402,1442,861,0
12,927,414,1402,1442,861,0
12,927,414,1402,1442,860,0
12,927,414,1402,1442,860,0
23,934,414,1403,1442,860,0
19,934,414,1402,1442,860,0
15,934,414,1402,1440,860,0
12,934,414,1402,1439,860,0
12,934,414,1402,1438,860,0
25,938,414,1403,1439,861,0
22,938,414,1403,1438,861,0
18,938,414,1403,1436,861,0
14,938,414,1403,1435,861,0
12,938,414,1403,1433,861,0
21,942,416,1407,1433,861,0
17,942,416,1407,1431,861,0
13,942,416,1407,1431,861,0
12,942,416,1407,1429,861,0
12,941,416,1407,1428,861,0
22,941,416,1409,1429,864,0
12,941,416,1409,1429,864,0
12,941,416,1409,1429,864,0
12,941,416,1409,1429,864,0
12,941,416,1409,1429,864,0
25,947,421,1418,1433,868,0
21,947,421,1418,1433,868,0
17,947,421,1418,1433,868,0
14,947,421,1418,1433,867,0
12,947,421,1418,1433,867,0
26,954,423,1421,1444,867,0
22,954,423,1421,1444,867,0
18,954,423,1421,1444,867,0
14,954,423,1421,1444,867,0
12,954,423,1421,1444,867,0
20,960,426,1429,1447,872,0
17,960,426,1428,1447,871,0
13,960,426,1427,1447,871,0
12,960,426,1425,1447,871,0
12,960,426,1424,1447,871,0
23,967,429,1429,1450,871,0
19,967,428,1429,1450,871,0
15,967,427,1429,1450,871,0
12,967,425,1429,1450,871,0
12,967,424,1429,1450,871,0
26,971,426,1435,1452,876,0
22,971,424,1435,1452,876,0
18,971,422,1435,1452,876,0
14,971,422,1435,1452,876,0
12,971,421,1435,1452,876,0
24,981,425,1437,1453,878,0
20,981,424,1437,1453,878,0
16,981,422,1437,1453,878,0
12,981,421,1437,1453,878,0
12,981,420,1437,1453,878,0
17,982,424,1441,1454,881,0
13,982,422,1441,1454,881,0
12,982,422,1441,1454,881,0
12,982,420,1441,1454,881,0
12,982,420,1441,1454,881,0
25,986,419,1447,1460,884,0
22,986,418,1447,1460,884,0
18,986,416,1447,1460,884,0
14,986,416,1447,1460,884,0
12,986,414,1447,1460,884,0
21,995,416,1451,1467,887,0
17,995,415,1451,1467,887,0
13,995,414,1451,1467,887,0
12,995,412,1451,1467,887,0
12,995,411,1451,1467,887,0
21,1001,413,1455,1473,888,0
17,1001,412,1455,1473,888,0
13,1001,410,1455,1473,888,0
12,1001,409,1455,1473,888,0
12,1000,409,1455,1473,888,0
22,1001,409,1458,1473,891,0
18,1000,409,1458,1473,891,0
15,998,409,1458,1473,891,0
12,996,409,1458,1473,891,0
12,995,409,1458,1473,891,0
17,1000,412,1467,1474,893,0
13,998,412,1467,1474,893,0
12,998,412,1467,1474,893,0
12,998,412,1467,1474,893,0
12,997,412,1467,1474,893,0
22,1006,416,1475,1479,894,0
14,1006,416,1475,1479,894,0
12,1006,416,1475,1479,894,0
12,1006,416,1475,1479,894,0
12,1006,416,1475,1479,894,0
21,1013,420,1483,1493,896,0
12,1013,420,1483,1493,896,0
12,1013,420,1483,1493,896,0
12,1013,420,1483,1493,896,0
12,1013,420,1483,1493,896,0
23,1014,424,1488,1494,897,0
19,1013,424,1488,1494,897,0
15,1011,424,1488,1494,897,0
12,1009,424,1488,1494,897,0
12,1009,424,1488,1494,897,0
14,1013,428,1494,1495,901,0
12,1013,428,1494,1495,901,0
12,1013,428,1494,1495,901,0
12,1013,428,1494,1495,901,0
12,1013,428,1494,1495,901,0
22,1022,432,1493,1495,902,0
19,1022,432,1491,1495,902,0
14,1022,432,1490,1495,902,0
12,1022,432,1489,1495,902,0
12,1022,432,1488,1495,902,0
23,1026,435,1494,1497,904,0
19,1026,435,1492,1497,904,0
15,1026,435,1491,1497,904,0
12,1026,435,1489,1497,904,0
12,1026,435,1489,1497,904,0
21,1031,441,1495,1509,909,0
17,1031,441,1494,1509,909,0
14,1031,441,1493,1509,909,0
12,1031,440,1493,1509,909,0
12,1031,438,1493,1509,909,0
24,1036,443,1500,1512,913,0
20,1036,442,1500,1512,913,0
16,1036,441,1500,1512,913,0
13,1036,440,1500,1512,913,0
12,1036,438,1500,1512,913,0
23,1040,440,1510,1515,914,0
20,1040,439,1510,1515,914,0
15,1040,438,1510,1515,914,0
12,1040,437,1510,1515,914,0
12,1040,436,1510,1515,914,0
22,1045,437,1516,1527,917,0
18,1045,437,1516,1527,917,0
14,1045,435,1516,1527,917,0
12,1045,433,1516,1527,917,0
12,1045,433,1516,1526,917,0
23,1049,435,1520,1526,918,0
20,1049,435,1520,1524,918,0
16,1049,435,1520,1522,918,0
12,1049,435,1520,1521,918,0
12,1049,435,1520,1519,918,0
21,1056,437,1523,1525,920,0
16,1055,437,1523,1525,920,0
13,1052,437,1523,1525,920,0
12,1050,437,1523,1525,920,0
12,1048,437,1523,1525,920,0
23,1049,441,1529,1537,922,0
19,1048,441,1529,1537,922,0
15,1047,441,1529,1537,922,0
12,1046,441,1529,1537,922,0
12,1045,441,1529,1537,922,0
19,1045,444,1531,1550,923,0
16,1043,444,1531,1550,923,0
12,1041,444,1531,1550,923,0
12,1039,444,1531,1550,923,0
12,1039,444,1531,1550,923,0
20,1041,449,1538,1561,927,0
16,1039,449,1538,1561,927,0
12,1038,449,1538,1561,927,0
12,1037,449,1538,1561,927,0
12,1036,449,1538,1561,927,0
24,1043,451,1547,1570,932,0
14,1043,451,1547,1570,932,0
12,1043,451,1547,1570,932,0
12,1043,451,1546,1570,932,0
12,1043,451,1544,1570,932,0
25,1049,455,1551,1583,934,0
21,1049,454,1551,1583,934,0
18,1049,454,1551,1582,934,0
14,1049,454,1551,1580,934,0
12,1048,454,1551,1580,934,0
25,1056,456,1556,1591,937,0
21,1055,456,1556,1591,937,0
17,1053,456,1556,1591,937,0
13,1052,456,1556,1591,937,0
12,1051,456,1556,1591,937,0
27,1056,458,1559,1602,938,0
24,1054,458,1559,1602,938,0
20,1053,458,1559,1602,938,0
16,1051,458,1559,1602,938,0
12,1050,458,1559,1602,938,0
24,1055,459,1564,1602,941,0
20,1054,459,1564,1602,941,0
16,1053,459,1564,1602,941,0
12,1051,459,1564,1602,941,0
12,1051,459,1564,1602,941,0
21,1059,462,1568,1614,942,0
12,1059,462,1568,1614,942,0
12,1059,462,1567,1614,942,0
12,1059,462,1566,1614,942,0
12,1059,462,1565,1614,942,0
17,1065,463,1564,1619,943,0
13,1065,463,1563,1619,943,0
12,1065,462,1563,1619,943,0
12,1065,462,1563,1618,943,0
12,1065,462,1563,1617,943,0
23,1072,463,1565,1615,944,0
20,1072,463,1565,1614,944,0
15,1072,463,1565,1613,944,0
12,1071,463,1565,1612,944,0
12,1070,463,1565,1612,944,0
23,1073,468,1572,1612,945,0
19,1071,468,1572,1612,945,0
16,1069,468,1572,1612,945,0
12,1069,468,1572,1612,945,0
12,1067,468,1572,1612,945,0
21,1069,469,1572,1618,946,0
17,1068,469,1572,1618,946,0
13,1067,469,1572,1618,946,0
12,1065,469,1572,1618,946,0
12,1064,469,1572,1618,946,0
22,1067,473,1579,1621,949,0
18,1065,473,1579,1621,949,0
14,1064,473,1579,1621,949,0
12,1062,473,1579,1621,949,0
12,1061,473,1579,1621,949,0
20,1067,475,1582,1627,951,0
16,1065,475,1582,1627,951,0
12,1065,475,1582,1627,951,0
12,1063,475,1582,1627,951,0
12,1061,475,1582,1627,951,0
23,1065,478,1585,1629,955,0
19,1064,478,1585,1629,955,0
15,1062,478,1585,1629,955,0
12,1060,478,1585,1629,955,0
12,1059,478,1585,1629,955,0
21,1060,483,1590,1637,958,0
17,1059,483,1590,1637,958,0
13,1057,483,1590,1637,958,0
12,1056,483,1590,1637,958,0
12,1054,483,1590,1637,958,0
25,1056,488,1600,1638,962,0
21,1055,488,1600,1638,962,0
17,1054,488,1600,1638,962,0
13,1052,488,1600,1638,962,0
12,1051,488,1600,1638,962,0
22,1053,490,1602,1639,965,0
18,1052,490,1602,1639,965,0
14,1051,490,1602,1639,965,0
12,1049,490,1602,1639,965,0
12,1048,490,1602,1639,965,0
20,1048,494,1606,1646,968,0
16,1046,494,1606,1646,968,0
12,1045,494,1606,1646,968,0
12,1044,494,1606,1646,968,0
12,1042,494,1606,1646,968,0
20,1046,497,1613,1647,969,0
16,1044,497,1613,1647,969,0
12,1042,497,1613,1647,969,0
12,1041,497,1613,1647,969,0
12,1039,497,1613,1647,969,0
21,1041,501,1616,1661,971,0
17,1039,501,1616,1661,971,0
13,1038,501,1616,1661,971,0
12,1037,501,1616,1661,971,0
12,1035,501,1616,1661,971,0
20,1043,501,1617,1672,972,0
16,1042,501,1617,1672,972,0
12,1040,501,1617,1672,972,0
12,1038,501,1617,1672,972,0
12,1036,501,1617,1672,972,0
20,1043,506,1621,1683,976,0
16,1042,506,1621,1683,976,0
12,1040,506,1621,1683,976,0
12,1038,506,1621,1683,976,0
12,1037,506,1621,1683,976,0
20,1045,506,1622,1694,977,0
16,1043,506,1622,1694,977,0
13,1041,506,1622,1694,977,0
12,1039,506,1622,1694,977,0
12,1037,506,1622,1694,977,0
13,1041,507,1628,1695,977,0
12,1039,507,1628,1695,977,0
12,1037,507,1628,1695,977,0
12,1036,507,1628,1695,977,0
12,1034,507,1628,1695,977,0
18,1035,508,1630,1704,978,0
14,1033,508,1630,1704,978,0
12,1032,508,1630,1704,978,0
12,1030,508,1630,1704,978,0
12,1028,508,1630,1704,978,0
18,1034,509,1632,1709,979,0
14,1033,509,1632,1709,979,0
12,1031,509,1632,1709,979,0
12,1029,509,1632,1709,979,0
12,1027,509,1632,1709,979,0
24,1031,512,1638,1721,980,0
20,1030,512,1638,1721,980,0
16,1028,512,1638,1721,980,0
12,1026,512,1638,1721,980,0
12,1026,512,1638,1721,980,0
24,1029,517,1643,1736,983,0
20,1028,517,1643,1736,983,0
17,1026,517,1643,1736,983,0
13,1024,517,1643,1736,983,0
12,1023,517,1643,1736,983,0
20,1026,522,1650,1742,985,0
16,1024,522,1650,1742,985,0
12,1023,522,1650,1742,985,0
12,1022,522,1650,1742,985,0
12,1022,522,1650,1742,985,0
16,1026,526,1657,1755,987,0
12,1026,526,1657,1755,987,0
12,1026,526,1657,1755,987,0
12,1026,526,1657,1755,987,0
12,1026,526,1657,1755,987,0
21,1027,527,1659,1756,988,0
17,1027,527,1659,1756,988,0
13,1027,527,1659,1756,988,0
12,1027,527,1659,1756,988,0
12,1027,527,1659,1756,987,0
23,1033,527,1662,1758,990,0
20,1033,527,1662,1758,990,0
16,1033,527,1660,1758,990,0
12,1033,527,1659,1758,990,0
12,1033,527,1658,1758,990,0
26,1042,531,1664,1763,993,0
22,1042,530,1663,1763,993,0
18,1042,530,1663,1763,993,0
15,1042,528,1663,1763,993,0
12,1042,526,1663,1763,993,0
19,1048,528,1663,1769,996,0
15,1048,526,1663,1769,996,0
12,1048,524,1663,1769,996,0
12,1048,523,1663,1769,996,0
12,1048,523,1663,1769,996,0
25,1058,527,1667,1777,1001,0
22,1058,527,1667,1775,1001,0
17,1058,527,1667,1774,1001,0
13,1058,527,1667,1772,1001,0
12,1058,527,1667,1771,1001,0
29,1068,531,1675,1776,1004,0
25,1067,531,1675,1775,1004,0
21,1066,531,1675,1775,1004,0
18,1064,531,1675,1775,1004,0
14,1062,531,1675,1775,1004,0
21,1066,536,1680,1782,1004,0
17,1065,536,1680,1782,1004,0
13,1064,536,1680,1782,1004,0
12,1062,536,1680,1782,1004,0
12,1061,536,1680,1782,1004,0
20,1061,539,1687,1784,1006,0
16,1059,539,1687,1784,1006,0
13,1058,539,1687,1784,1006,0
12,1056,539,1687,1784,1006,0
12,1054,539,1687,1784,1006,0
17,1057,540,1689,1788,1007,0
13,1056,540,1689,1788,1007,0
12,1054,540,1689,1788,1007,0
12,1052,540,1689,1788,1007,0
12,1050,540,1689,1788,1007,0
16,1054,542,1697,1788,1009,0
12,1052,542,1697,1788,1009,0
12,1051,542,1697,1788,1009,0
12,1049,542,1697,1788,1009,0
12,1047,542,1697,1788,1009,0
20,1049,546,1702,1790,1009,0
16,1048,546,1702,1790,1009,0
12,1046,546,1702,1790,1009,0
12,1044,546,1702,1790,1009,0
12,1042,546,1702,1790,1009,0
24,1047,550,1705,1792,1010,0
20,1046,550,1705,1792,1010,0
16,1044,550,1705,1792,1010,0
12,1042,550,1705,1792,1010,0
12,1041,550,1705,1792,1010,0
18,1044,551,1707,1792,1012,0
12,1044,551,1707,1792,1012,0
12,1044,551,1707,1792,1012,0
12,1044,551,1706,1792,1012,0
12,1044,551,1704,1792,1012,0
25,1049,554,1707,1795,1016,0
20,1049,554,1706,1795,1016,0
16,1049,554,1704,1795,1016,0
12,1049,554,1703,1795,1016,0
12,1049,552,1703,1795,1016,0
21,1054,552,1706,1795,1018,0
17,1054,552,1706,1795,1018,0
14,1054,552,1706,1793,1018,0
12,1054,552,1706,1793,1018,0
12,1054,552,1706,1792,1018,0
18,1062,555,1708,1792,1021,0
14,1062,555,1708,1791,1021,0
12,1062,555,1708,1790,1021,0
12,1060,555,1708,1790,1021,0
12,1060,555,1708,1790,1021,0
15,1061,555,1710,1790,1024,0
12,1061,555,1709,1790,1024,0
12,1061,555,1709,1790,1024,0
12,1061,555,1707,1790,1024,0
12,1061,555,1706,1790,1024,0
28,1067,557,1708,1791,1027,0
24,1067,557,1706,1791,1027,0
20,1067,557,1705,1791,1027,0
17,1067,557,1704,1791,1027,0
13,1067,556,1703,1791,1027,0
21,1070,559,1709,1796,1028,0
18,1070,558,1709,1796,1028,0
13,1070,557,1709,1796,1028,0
12,1070,556,1709,1796,1028,0
12,1070,555,1709,1796,1028,0
27,1080,560,1715,1799,1033,0
23,1080,559,1715,1799,1033,0
19,1080,557,1715,1799,1033,0
16,1080,556,1715,1799,1033,0
12,1080,555,1715,1799,1033,0
21,1087,557,1717,1799,1035,0
18,1087,556,1717,1799,1035,0
14,1087,555,1717,1799,1035,0
12,1087,554,1717,1799,1035,0
12,1087,553,1717,1799,1035,0
19,1090,556,1723,1804,1036,0
15,1090,555,1723,1804,1036,0
12,1090,555,1723,1803,1036,0
12,1090,555,1723,1802,1036,0
12,1090,555,1723,1801,1036,0
24,1098,556,1730,1811,1038,0
19,1098,556,1730,1810,1038,0
15,1098,556,1730,1809,1038,0
12,1098,556,1730,1808,1038,0
12,1098,556,1730,1806,1038,0
24,1101,559,1734,1806,1042,0
20,1101,559,1734,1804,1042,0
17,1101,559,1734,1803,1042,0
12,1101,559,1734,1802,1042,0
12,1101,559,1734,1801,1042,0
21,1103,561,1735,1800,1045,0
17,1102,561,1735,1800,1045,0
13,1101,561,1735,1800,1045,0
12,1099,561,1735,1800,1045,0
12,1098,561,1735,1800,1045,0
24,1099,565,1744,1800,1048,0
20,1097,565,1744,1800,1048,0
14,1096,565,1744,1800,1048,0
12,1096,565,1744,1800,1048,0
12,1096,565,1744,1800,1048,0
25,1103,568,1749,1813,1051,0
21,1103,568,1748,1813,1051,0
18,1103,568,1747,1813,1051,0
14,1103,568,1746,1813,1051,0
12,1103,568,1745,1813,1051,0
20,1109,570,1747,1822,1053,0
15,1109,570,1746,1822,1053,0
12,1109,570,1746,1822,1053,0
12,1109,570,1745,1822,1053,0
12,1109,570,1743,1822,1053,0
21,1113,574,1747,1823,1053,0
17,1113,574,1745,1823,1053,0
14,1113,572,1745,1823,1053,0
12,1113,571,1745,1823,1053,0
12,1113,571,1745,1823,1053,0
27,1120,575,1753,1835,1055,0
18,1120,575,1753,1835,1055,0
12,1120,575,1753,1835,1055,0
12,1120,575,1753,1835,1055,0
12,1120,575,1753,1835,1055,0
20,1123,577,1756,1845,1055,0
17,1123,577,1756,1845,1055,0
13,1123,577,1754,1845,1055,0
12,1123,577,1753,1845,1055,0
12,1123,575,1753,1845,1055,0
23,1131,576,1759,1846,1058,0
19,1131,575,1759,1846,1058,0
16,1131,575,1759,1846,1058,0
12,1131,573,1759,1846,1058,0
12,1131,572,1759,1846,1058,0
16,1132,574,1763,1847,1061,0
12,1132,574,1763,1846,1061,0
12,1132,574,1763,1845,1061,0
12,1132,574,1763,1844,1061,0
12,1132,574,1763,1843,1061,0
24,1135,575,1767,1842,1065,0
21,1135,575,1767,1840,1065,0
16,1135,575,1767,1839,1065,0
12,1135,575,1767,1838,1065,0
12,1133,575,1767,1838,1065,0
27,1139,577,1773,1842,1070,0
23,1139,577,1773,1842,1070,0
19,1137,577,1773,1842,1070,0
16,1136,577,1773,1842,1070,0
12,1134,577,1773,1842,1070,0
17,1135,581,1777,1842,1074,0
13,1134,581,1777,1842,1074,0
12,1132,581,1777,1842,1074,0
12,1130,581,1777,1842,1074,0
12,1130,581,1777,1842,1074,0
16,1133,585,1783,1854,1076,0
12,1133,585,1783,1854,1076,0
12,1133,585,1783,1854,1076,0
12,1133,585,1783,1854,1076,0
12,1133,585,1781,1854,1076,0
22,1139,589,1789,1856,1078,0
18,1139,589,1787,1856,1078,0
14,1139,589,1785,1856,1078,0
12,1139,589,1784,1856,1078,0
12,1139,589,1783,1856,1078,0
24,1142,589,1782,1858,1079,0
20,1142,589,1781,1858,1079,0
17,1142,589,1779,1858,1079,0
12,1142,589,1779,1858,1079,0
12,1142,589,1779,1858,1079,0
21,1148,594,1785,1866,1080,0
17,1148,592,1785,1866,1080,0
13,1148,591,1785,1866,1080,0
12,1148,590,1785,1866,1080,0
12,1148,588,1785,1866,1080,0
21,1155,591,1790,1872,1081,0
17,1155,591,1790,1871,1081,0
14,1155,591,1790,1870,1081,0
12,1155,591,1790,1868,1081,0
12,1154,591,1790,1867,1081,0
24,1154,595,1796,1868,1082,0
14,1154,595,1796,1868,1082,0
12,1154,595,1796,1868,1082,0
12,1154,595,1796,1868,1082,0
12,1154,595,1796,1868,1082,0
24,1162,596,1798,1869,1083,0
21,1162,596,1796,1869,1083,0
16,1162,596,1796,1869,1083,0
12,1162,596,1795,1869,1083,0
12,1162,596,1794,1869,1083,0
18,1163,598,1793,1881,1084,0
14,1163,598,1792,1881,1084,0
12,1163,598,1790,1881,1084,0
12,1163,598,1788,1881,1084,0
12,1163,598,1788,1881,1084,0
25,1168,603,1795,1884,1088,0
22,1168,602,1795,1884,1088,0
18,1168,600,1795,1884,1088,0
15,1168,599,1795,1884,1088,0
12,1168,598,1795,1884,1088,0
25,1171,599,1800,1885,1093,0
21,1171,599,1800,1885,1093,0
18,1171,599,1800,1884,1093,0
14,1171,599,1800,1882,1093,0
12,1171,599,1800,1881,1093,0
25,1176,605,1805,1896,1096,0
22,1176,605,1805,1895,1096,0
17,1176,605,1805,1894,1096,0
14,1176,605,1805,1893,1096,0
12,1175,605,1805,1892,1096,0
25,1184,609,1809,1902,1101,0
21,1182,609,1809,1902,1101,0
17,1181,609,1809,1902,1101,0
13,1179,609,1809,1902,1101,0
12,1177,609,1809,1902,1101,0
20,1182,612,1813,1908,1102,0
16,1180,612,1813,1908,1102,0
12,1180,612,1813,1908,1102,0
12,1178,612,1813,1908,1102,0
12,1177,612,1813,1908,1102,0
15,1182,615,1820,1909,1103,0
12,1182,615,1820,1909,1103,0
12,1182,615,1820,1909,1103,0
12,1182,615,1820,1909,1103,0
12,1182,615,1820,1909,1103,0
19,1189,619,1829,1911,1106,0
15,1189,619,1828,1911,1106,0
12,1189,619,1827,1911,1106,0
12,1189,617,1827,1911,1106,0
12,1189,617,1827,1911,1106,0
26,1197,618,1833,1915,1108,0
21,1197,617,1833,1915,1108,0
17,1197,616,1833,1915,1108,0
14,1197,615,1833,1915,1108,0
12,1197,614,1833,1915,1108,0
20,1198,616,1840,1917,1110,0
16,1198,615,1840,1917,1110,0
13,1198,615,1840,1915,1110,0
12,1198,615,1840,1914,1110,0
12,1198,615,1840,1913,1110,0
27,1205,616,1845,1915,1114,0
23,1205,616,1845,1914,1114,0
19,1205,616,1845,1913,1114,0
15,1205,616,1845,1913,1114,0
12,1203,616,1845,1913,1114,0
15,1207,618,1850,1924,1116,0
12,1207,618,1850,1924,1116,0
12,1207,618,1850,1924,1116,0
12,1207,618,1848,1924,1116,0
12,1207,618,1847,1924,1116,0
22,1211,622,1857,1927,1118,0
18,1211,622,1856,1927,1118,0
15,1211,621,1856,1927,1118,0
12,1211,619,1856,1927,1118,0
12,1211,619,1856,1926,1118,0
22,1218,620,1862,1935,1120,0
18,1216,620,1862,1935,1120,0
14,1214,620,1862,1935,1120,0
12,1212,620,1862,1935,1120,0
12,1210,620,1862,1935,1120,0
21,1216,621,1868,1946,1122,0
17,1215,621,1868,1946,1122,0
13,1213,621,1868,1946,1122,0
12,1211,621,1868,1946,1122,0
12,1209,621,1868,1946,1122,0
25,1216,623,1874,1947,1126,0
21,1215,623,1874,1947,1126,0
17,1213,623,1874,1947,1126,0
13,1211,623,1874,1947,1126,0
12,1209,623,1874,1947,1126,0
19,1213,625,1881,1949,1131,0
15,1211,625,1881,1949,1131,0
12,1210,625,1881,1949,1131,0
12,1208,625,1881,1949,1131,0
12,1207,625,1881,1949,1131,0
22,1213,628,1883,1957,1135,0
18,1212,628,1883,1957,1135,0
14,1211,628,1883,1957,1135,0
12,1210,628,1883,1957,1135,0
12,1208,628,1883,1957,1135,0
25,1213,632,1889,1958,1137,0
21,1211,632,1889,1958,1137,0
17,1209,632,1889,1958,1137,0
14,1208,632,1889,1958,1137,0
12,1206,632,1889,1958,1137,0
24,1214,633,1892,1959,1138,0
20,1212,633,1892,1959,1138,0
16,1211,633,1892,1959,1138,0
13,1209,633,1892,1959,1138,0
12,1207,633,1892,1959,1138,0
24,1211,639,1899,1968,1142,0
20,1210,639,1899,1968,1142,0
16,1208,639,1899,1968,1142,0
13,1207,639,1899,1968,1142,0
12,1205,639,1899,1968,1142,0
23,1208,642,1901,1969,1142,0
19,1207,642,1901,1969,1142,0
15,1205,642,1901,1969,1142,0
12,1204,642,1901,1969,1142,0
12,1203,642,1901,1969,1142,0
20,1209,643,1905,1979,1144,0
12,1209,643,1905,1979,1144,0
12,1209,643,1905,1979,1144,0
12,1209,643,1905,1979,1144,0
12,1209,643,1905,1979,1144,0
18,1214,648,1910,1986,1144,0
14,1214,648,1910,1986,1144,0
12,1214,648,1910,1986,1143,0
12,1214,648,1910,1986,1143,0
12,1214,648,1910,1986,1142,0
17,1217,651,1914,1994,1144,0
13,1217,651,1914,1994,1144,0
12,1217,651,1914,1994,1144,0
12,1217,651,1914,1994,1143,0
12,1217,651,1914,1994,1143,0
21,1221,657,1921,1996,1148,0
17,1221,657,1921,1996,1148,0
13,1221,657,1921,1996,1148,0
12,1221,657,1921,1996,1148,0
12,1221,657,1921,1996,1147,0
25,1230,658,1924,1998,1148,0
22,1230,658,1924,1998,1148,0
18,1230,658,1922,1998,1148,0
14,1230,658,1921,1998,1148,0
12,1230,658,1919,1998,1148,0
22,1235,663,1926,1998,1150,0
18,1235,663,1925,1998,1150,0
14,1235,662,1925,1998,1150,0
12,1235,662,1925,1997,1150,0
12,1234,662,1925,1996,1150,0
23,1240,666,1928,1997,1153,0
20,1238,666,1928,1997,1153,0
16,1237,666,1928,1997,1153,0
12,1235,666,1928,1997,1153,0
12,1234,666,1928,1997,1153,0
22,1239,672,1935,2008,1158,0
18,1237,672,1935,2008,1158,0
15,1235,672,1935,2008,1158,0
12,1233,672,1935,2008,1158,0
12,1232,672,1935,2008,1158,0
24,1234,673,1940,2013,1160,0
20,1232,673,1940,2013,1160,0
16,1230,673,1940,2013,1160,0
